%YAML:1.0
---
calibration_Time: "Wed Sep  1 16:06:48 2021"
nrOfFrames: 1
image_Width: 400
image_Height: 300
board_Width: 9
board_Height: 6
square_Size: 50.
FixAspectRatio: 1.
# flags:  +fix_aspectRatio +fix_principal_point +zero_tangent_dist
flagValue: 14
Camera_Matrix: !!opencv-matrix
   rows: 3
   cols: 3
   dt: d
   data: [ 3.0655213921773361e+02, 0., 200., 0., 3.0655213921773361e+02,
       150., 0., 0., 1. ]
Distortion_Coefficients: !!opencv-matrix
   rows: 5
   cols: 1
   dt: d
   data: [ 1.5804915521027180e-01, -1.5066093939362166e-01, 0., 0.,
       -5.6108099297623315e-01 ]
Avg_Reprojection_Error: 1.3886591839512843e-01
Per_View_Reprojection_Errors: !!opencv-matrix
   rows: 1
   cols: 1
   dt: f
   data: [ 1.38865918e-01 ]
# a set of 6-tuples (rotation vector + translation vector) for each view
Extrinsic_Parameters: !!opencv-matrix
   rows: 1
   cols: 6
   dt: d
   data: [ 8.4742696064882783e-01, 2.7183503068865245e-01,
       2.8870863492132024e+00, 1.3795486674287358e+02,
       1.4520500084226072e+02, 4.3115875090745004e+02 ]
Image_points: !!opencv-matrix
   rows: 1
   cols: 54
   dt: "2f"
   data: [ 3.00095490e+02, 2.55587158e+02, 2.65475037e+02,
       2.54768890e+02, 2.34884903e+02, 2.54188171e+02, 2.07519409e+02,
       2.53671326e+02, 1.82898590e+02, 2.53468750e+02, 1.60505142e+02,
       2.53437439e+02, 1.40087585e+02, 2.53351120e+02, 1.21346535e+02,
       2.53321869e+02, 1.03979645e+02, 2.53213486e+02, 2.95230255e+02,
       2.18254517e+02, 2.61693207e+02, 2.19488495e+02, 2.32034439e+02,
       2.20652390e+02, 2.05601730e+02, 2.21912598e+02, 1.81619293e+02,
       2.23281738e+02, 1.59819870e+02, 2.24512512e+02, 1.39770142e+02,
       2.25704239e+02, 1.21382378e+02, 2.26803528e+02, 1.04150955e+02,
       2.27976334e+02, 2.90380981e+02, 1.82629639e+02, 2.57927673e+02,
       1.86012726e+02, 2.29368652e+02, 1.89062775e+02, 2.03614273e+02,
       1.91898621e+02, 1.80383194e+02, 1.94514572e+02, 1.59053375e+02,
       1.97004333e+02, 1.39479858e+02, 1.99289597e+02, 1.21307655e+02,
       2.01457550e+02, 1.04293030e+02, 2.03465271e+02, 2.85977142e+02,
       1.49003983e+02, 2.54618698e+02, 1.54361267e+02, 2.26773819e+02,
       1.59084900e+02, 2.01743546e+02, 1.63308167e+02, 1.78970322e+02,
       1.67245697e+02, 1.58217667e+02, 1.70680359e+02, 1.38967590e+02,
       1.74114975e+02, 1.21212852e+02, 1.77071289e+02, 1.04412331e+02,
       1.80047287e+02, 2.82296570e+02, 1.17167946e+02, 2.51535507e+02,
       1.24287674e+02, 2.24406464e+02, 1.30469467e+02, 1.99844391e+02,
       1.36067123e+02, 1.77564377e+02, 1.41045319e+02, 1.57240997e+02,
       1.45666519e+02, 1.38441559e+02, 1.49815857e+02, 1.20875587e+02,
       1.53785721e+02, 1.04513130e+02, 1.57358337e+02, 2.78762787e+02,
       8.60332031e+01, 2.48658615e+02, 9.47119064e+01, 2.21989380e+02,
       1.02425407e+02, 1.97875015e+02, 1.09265846e+02, 1.76045715e+02,
       1.15414093e+02, 1.56003510e+02, 1.21032005e+02, 1.37592010e+02,
       1.26270012e+02, 1.20496208e+02, 1.30849640e+02, 1.04463272e+02,
       1.35400467e+02 ]
