%YAML:1.0
---
calibration_Time: "Thu 02 Sep 2021 10:57:05 AM IDT"
nrOfFrames: 1
image_Width: 2592
image_Height: 1936
board_Width: 9
board_Height: 6
square_Size: 50.
FixAspectRatio: 1.
# flags:  +fix_aspectRatio +fix_principal_point +zero_tangent_dist
flagValue: 14
Camera_Matrix: !!opencv-matrix
   rows: 3
   cols: 3
   dt: d
   data: [ 3.6590247902532956e+03, 0., 1296., 0., 3.6590247902532956e+03,
       968., 0., 0., 1. ]
Distortion_Coefficients: !!opencv-matrix
   rows: 5
   cols: 1
   dt: d
   data: [ 3.2447856300876560e-01, -1.9740691577200714e+01, 0., 0.,
       2.6201852789420417e+02 ]
Avg_Reprojection_Error: 1.7543315506320145e-01
Per_View_Reprojection_Errors: !!opencv-matrix
   rows: 1
   cols: 1
   dt: f
   data: [ 1.75433159e-01 ]
# a set of 6-tuples (rotation vector + translation vector) for each view
Extrinsic_Parameters: !!opencv-matrix
   rows: 1
   cols: 6
   dt: d
   data: [ 1.3799982462476229e-01, -8.1300408996229062e-02,
       1.5755339450952166e+00, 1.2723386575210826e+02,
       -2.1592010961159693e+02, 2.6739055644524756e+03 ]
Image_points: !!opencv-matrix
   rows: 1
   cols: 54
   dt: "2f"
   data: [ 1.47021814e+03, 6.71765625e+02, 1.46952966e+03,
       7.40370605e+02, 1.46875598e+03, 8.08563232e+02, 1.46788782e+03,
       8.76357361e+02, 1.46709717e+03, 9.43701843e+02, 1.46630310e+03,
       1.01073364e+03, 1.46554822e+03, 1.07750903e+03, 1.46472998e+03,
       1.14400891e+03, 1.46369812e+03, 1.21007739e+03, 1.40162720e+03,
       6.71554016e+02, 1.40110535e+03, 7.40059998e+02, 1.40066162e+03,
       8.08242798e+02, 1.39997729e+03, 8.75762512e+02, 1.39928699e+03,
       9.43157898e+02, 1.39877673e+03, 1.01008112e+03, 1.39816492e+03,
       1.07659937e+03, 1.39730225e+03, 1.14307520e+03, 1.39664697e+03,
       1.20914661e+03, 1.33328015e+03, 6.71149658e+02, 1.33278564e+03,
       7.39669556e+02, 1.33251038e+03, 8.07623291e+02, 1.33216431e+03,
       8.75166138e+02, 1.33163708e+03, 9.42421753e+02, 1.33121240e+03,
       1.00932520e+03, 1.33071289e+03, 1.07571899e+03, 1.33022876e+03,
       1.14204932e+03, 1.32961047e+03, 1.20804456e+03, 1.26479028e+03,
       6.70678101e+02, 1.26477380e+03, 7.39047180e+02, 1.26458972e+03,
       8.07061279e+02, 1.26434143e+03, 8.74518188e+02, 1.26422900e+03,
       9.41713623e+02, 1.26385388e+03, 1.00858130e+03, 1.26356287e+03,
       1.07508765e+03, 1.26318030e+03, 1.14133154e+03, 1.26262976e+03,
       1.20728113e+03, 1.19651990e+03, 6.70294739e+02, 1.19663037e+03,
       7.38513550e+02, 1.19663135e+03, 8.06423462e+02, 1.19678308e+03,
       8.73947144e+02, 1.19656995e+03, 9.41173523e+02, 1.19648682e+03,
       1.00787738e+03, 1.19631067e+03, 1.07429431e+03, 1.19606287e+03,
       1.14049963e+03, 1.19596497e+03, 1.20625012e+03, 1.12837524e+03,
       6.69830444e+02, 1.12860486e+03, 7.38040894e+02, 1.12877551e+03,
       8.05828369e+02, 1.12899561e+03, 8.73287720e+02, 1.12909387e+03,
       9.40481689e+02, 1.12906641e+03, 1.00729150e+03, 1.12905823e+03,
       1.07367041e+03, 1.12898914e+03, 1.13975623e+03, 1.12893018e+03,
       1.20556116e+03 ]
