%YAML:1.0
---
calibration_Time: "Wed 01 Sep 2021 07:10:28 PM IDT"
nrOfFrames: 1
image_Width: 2592
image_Height: 1936
board_Width: 9
board_Height: 6
square_Size: 50.
FixAspectRatio: 1.
# flags:  +fix_aspectRatio +fix_principal_point +zero_tangent_dist
flagValue: 14
Camera_Matrix: !!opencv-matrix
   rows: 3
   cols: 3
   dt: d
   data: [ 2.0517056089285179e+03, 0., 1296., 0., 2.0517056089285179e+03,
       968., 0., 0., 1. ]
Distortion_Coefficients: !!opencv-matrix
   rows: 5
   cols: 1
   dt: d
   data: [ 1.0190635942882936e-01, -1.0648752184405665e+00, 0., 0.,
       5.2230933782056663e+00 ]
Avg_Reprojection_Error: 3.5591270358955407e-01
Per_View_Reprojection_Errors: !!opencv-matrix
   rows: 1
   cols: 1
   dt: f
   data: [ 3.55912715e-01 ]
# a set of 6-tuples (rotation vector + translation vector) for each view
Extrinsic_Parameters: !!opencv-matrix
   rows: 1
   cols: 6
   dt: d
   data: [ 7.1650317337027813e-02, 1.5440664880988519e-01,
       1.3813466057879839e-01, -2.0609501257816470e+02,
       -2.2236704147534914e+02, 8.4126239648954731e+02 ]
Image_points: !!opencv-matrix
   rows: 1
   cols: 54
   dt: "2f"
   data: [ 7.89933472e+02, 4.22259155e+02, 9.07042114e+02,
       4.35930634e+02, 1.02592627e+03, 4.49415009e+02, 1.14751514e+03,
       4.62785522e+02, 1.26967151e+03, 4.76568146e+02, 1.39447583e+03,
       4.90176483e+02, 1.52241162e+03, 5.03849762e+02, 1.65216113e+03,
       5.18023315e+02, 1.78442090e+03, 5.31912048e+02, 7.77113525e+02,
       5.45761414e+02, 8.93489441e+02, 5.60373657e+02, 1.01131018e+03,
       5.74550476e+02, 1.13192395e+03, 5.88921814e+02, 1.25351868e+03,
       6.03637390e+02, 1.37722461e+03, 6.18203918e+02, 1.50411523e+03,
       6.33426208e+02, 1.63289197e+03, 6.48507385e+02, 1.76430884e+03,
       6.63991333e+02, 7.64106079e+02, 6.68285522e+02, 8.79674561e+02,
       6.83118652e+02, 9.96661682e+02, 6.98425903e+02, 1.11649670e+03,
       7.13732910e+02, 1.23717236e+03, 7.29516602e+02, 1.35993909e+03,
       7.45301025e+02, 1.48624976e+03, 7.61396851e+02, 1.61388257e+03,
       7.77532104e+02, 1.74442163e+03, 7.94356445e+02, 7.51000732e+02,
       7.89438904e+02, 8.65627136e+02, 8.05292419e+02, 9.82191833e+02,
       8.21466187e+02, 1.10132178e+03, 8.37796570e+02, 1.22111304e+03,
       8.54350098e+02, 1.34283484e+03, 8.71222717e+02, 1.46819629e+03,
       8.88530151e+02, 1.59523450e+03, 9.06148865e+02, 1.72474243e+03,
       9.23982727e+02, 7.37850525e+02, 9.08788086e+02, 8.51854126e+02,
       9.25289551e+02, 9.67622742e+02, 9.42265320e+02, 1.08592395e+03,
       9.59691589e+02, 1.20518115e+03, 9.77284912e+02, 1.32635156e+03,
       9.94958252e+02, 1.45075281e+03, 1.01328271e+03, 1.57684265e+03,
       1.03207788e+03, 1.70543237e+03, 1.05149451e+03, 7.24877869e+02,
       1.02687537e+03, 8.38173035e+02, 1.04432141e+03, 9.53154236e+02,
       1.06230151e+03, 1.07068591e+03, 1.08056396e+03, 1.18919531e+03,
       1.09891345e+03, 1.30980103e+03, 1.11788440e+03, 1.43338013e+03,
       1.13743469e+03, 1.55877100e+03, 1.15715710e+03, 1.68662781e+03,
       1.17767578e+03 ]
